task1_precision:0.4825174825174825
task1_recall:0.34673366834170855
task1_f1:0.40350877192982454
