task1_precision:0.41904761904761906
task1_recall:0.44221105527638194
task1_f1:0.43031784841075804
